
Elements of R such that the length of the elements is 2:

[[[5, 11], [4, 24]], [[14, 2], [4, 24]], [[16, 4], [4, 24]], [[18, 8], [4, 24]], [[18, 18], [4, 24]], [[19, 20], [4, 24]], [[32, 32], [4, 24]],
[[14, 2], [5, 11]], [[16, 4], [5, 11]], [[18, 8], [5, 11]], [[18, 18], [5, 11]], [[19, 20], [5, 11]], [[32, 32], [5, 11]], [[16, 4], [14, 2]],
[[18, 8], [14, 2]], [[18, 18], [14, 2]], [[19, 20], [14, 2]], [[32, 32], [14, 2]], [[18, 8], [16, 4]], [[18, 18], [16, 4]], [[19, 20], [16, 4]],
[[32, 32], [16, 4]], [[18, 18], [18, 8]], [[19, 20], [18, 8]], [[32, 32], [18, 8]], [[19, 20], [18, 18]], [[32, 32], [18, 18]], [[32, 32], [19, 20]]]

Elements of R such that the length of the elements is 3:

[[[14, 2], [5, 11], [4, 24]], [[16, 4], [5, 11], [4, 24]], [[18, 8], [5, 11], [4, 24]], [[18, 18], [5, 11], [4, 24]],
[[19, 20], [5, 11], [4, 24]], [[32, 32], [5, 11], [4, 24]], [[16, 4], [14, 2], [4, 24]], [[18, 8], [14, 2], [4, 24]],
[[18, 18], [14, 2], [4, 24]], [[19, 20], [14, 2], [4, 24]], [[32, 32], [14, 2], [4, 24]], [[18, 8], [16, 4], [4, 24]],
[[18, 18], [16, 4], [4, 24]], [[19, 20], [16, 4], [4, 24]], [[32, 32], [16, 4], [4, 24]], [[18, 18], [18, 8], [4, 24]],
[[19, 20], [18, 8], [4, 24]], [[32, 32], [18, 8], [4, 24]], [[19, 20], [18, 18], [4, 24]], [[32, 32], [18, 18], [4, 24]],
[[32, 32], [19, 20], [4, 24]], [[16, 4], [14, 2], [5, 11]], [[18, 8], [14, 2], [5, 11]], [[18, 18], [14, 2], [5, 11]],
[[19, 20], [14, 2], [5, 11]], [[32, 32], [14, 2], [5, 11]], [[18, 8], [16, 4], [5, 11]], [[18, 18], [16, 4], [5, 11]],
[[19, 20], [16, 4], [5, 11]], [[32, 32], [16, 4], [5, 11]], [[18, 18], [18, 8], [5, 11]], [[19, 20], [18, 8], [5, 11]],
[[32, 32], [18, 8], [5, 11]], [[19, 20], [18, 18], [5, 11]], [[32, 32], [18, 18], [5, 11]], [[32, 32], [19, 20], [5, 11]],
[[18, 8], [16, 4], [14, 2]], [[18, 18], [16, 4], [14, 2]], [[19, 20], [16, 4], [14, 2]], [[32, 32], [16, 4], [14, 2]],
[[18, 18], [18, 8], [14, 2]], [[19, 20], [18, 8], [14, 2]], [[32, 32], [18, 8], [14, 2]], [[19, 20], [18, 18], [14, 2]],
[[32, 32], [18, 18], [14, 2]], [[32, 32], [19, 20], [14, 2]], [[18, 18], [18, 8], [16, 4]], [[19, 20], [18, 8], [16, 4]],
[[32, 32], [18, 8], [16, 4]], [[19, 20], [18, 18], [16, 4]], [[32, 32], [18, 18], [16, 4]], [[32, 32], [19, 20], [16, 4]],
[[19, 20], [18, 18], [18, 8]], [[32, 32], [18, 18], [18, 8]], [[32, 32], [19, 20], [18, 8]], [[32, 32], [19, 20], [18, 18]]]

Elements of R such that the length of the elements is 4:

[[[16, 4], [14, 2], [5, 11], [4, 24]], [[18, 8], [14, 2], [5, 11], [4, 24]], [[18, 18], [14, 2], [5, 11], [4, 24]], [[19, 20], [14, 2], [5, 11], [4, 24]], [[32, 32], [14, 2], [5, 11], [4, 24]],
[[18, 8], [16, 4], [5, 11], [4, 24]], [[18, 18], [16, 4], [5, 11], [4, 24]], [[19, 20], [16, 4], [5, 11], [4, 24]], [[32, 32], [16, 4], [5, 11], [4, 24]], [[18, 18], [18, 8], [5, 11], [4, 24]],
[[19, 20], [18, 8], [5, 11], [4, 24]], [[32, 32], [18, 8], [5, 11], [4, 24]], [[19, 20], [18, 18], [5, 11], [4, 24]], [[32, 32], [18, 18], [5, 11], [4, 24]], [[32, 32], [19, 20], [5, 11], [4, 24]],
[[18, 8], [16, 4], [14, 2], [4, 24]], [[18, 18], [16, 4], [14, 2], [4, 24]], [[19, 20], [16, 4], [14, 2], [4, 24]], [[32, 32], [16, 4], [14, 2], [4, 24]], [[18, 18], [18, 8], [14, 2], [4, 24]],
[[19, 20], [18, 8], [14, 2], [4, 24]], [[32, 32], [18, 8], [14, 2], [4, 24]], [[19, 20], [18, 18], [14, 2], [4, 24]], [[32, 32], [18, 18], [14, 2], [4, 24]], [[32, 32], [19, 20], [14, 2], [4, 24]],
[[18, 18], [18, 8], [16, 4], [4, 24]], [[19, 20], [18, 8], [16, 4], [4, 24]], [[32, 32], [18, 8], [16, 4], [4, 24]], [[19, 20], [18, 18], [16, 4], [4, 24]], [[32, 32], [18, 18], [16, 4], [4, 24]],
[[32, 32], [19, 20], [16, 4], [4, 24]], [[19, 20], [18, 18], [18, 8], [4, 24]], [[32, 32], [18, 18], [18, 8], [4, 24]], [[32, 32], [19, 20], [18, 8], [4, 24]], [[32, 32], [19, 20], [18, 18], [4, 24]],
[[18, 8], [16, 4], [14, 2], [5, 11]], [[18, 18], [16, 4], [14, 2], [5, 11]], [[19, 20], [16, 4], [14, 2], [5, 11]], [[32, 32], [16, 4], [14, 2], [5, 11]], [[18, 18], [18, 8], [14, 2], [5, 11]],
[[19, 20], [18, 8], [14, 2], [5, 11]], [[32, 32], [18, 8], [14, 2], [5, 11]], [[19, 20], [18, 18], [14, 2], [5, 11]], [[32, 32], [18, 18], [14, 2], [5, 11]], [[32, 32], [19, 20], [14, 2], [5, 11]],
[[18, 18], [18, 8], [16, 4], [5, 11]], [[19, 20], [18, 8], [16, 4], [5, 11]], [[32, 32], [18, 8], [16, 4], [5, 11]], [[19, 20], [18, 18], [16, 4], [5, 11]], [[32, 32], [18, 18], [16, 4], [5, 11]],
[[32, 32], [19, 20], [16, 4], [5, 11]], [[19, 20], [18, 18], [18, 8], [5, 11]], [[32, 32], [18, 18], [18, 8], [5, 11]], [[32, 32], [19, 20], [18, 8], [5, 11]], [[32, 32], [19, 20], [18, 18], [5, 11]],
[[18, 18], [18, 8], [16, 4], [14, 2]], [[19, 20], [18, 8], [16, 4], [14, 2]], [[32, 32], [18, 8], [16, 4], [14, 2]], [[19, 20], [18, 18], [16, 4], [14, 2]], [[32, 32], [18, 18], [16, 4], [14, 2]],
[[32, 32], [19, 20], [16, 4], [14, 2]], [[19, 20], [18, 18], [18, 8], [14, 2]], [[32, 32], [18, 18], [18, 8], [14, 2]], [[32, 32], [19, 20], [18, 8], [14, 2]], [[32, 32], [19, 20], [18, 18], [14, 2]],
[[19, 20], [18, 18], [18, 8], [16, 4]], [[32, 32], [18, 18], [18, 8], [16, 4]], [[32, 32], [19, 20], [18, 8], [16, 4]], [[32, 32], [19, 20], [18, 18], [16, 4]], [[32, 32], [19, 20], [18, 18], [18, 8]]]

Elements of R such that the length of the elements is 5:

[[[18, 8], [16, 4], [14, 2], [5, 11], [4, 24]], [[18, 18], [16, 4], [14, 2], [5, 11], [4, 24]], [[19, 20], [16, 4], [14, 2], [5, 11], [4, 24]], [[32, 32], [16, 4], [14, 2], [5, 11], [4, 24]],
[[18, 18], [18, 8], [14, 2], [5, 11], [4, 24]], [[19, 20], [18, 8], [14, 2], [5, 11], [4, 24]], [[32, 32], [18, 8], [14, 2], [5, 11], [4, 24]], [[19, 20], [18, 18], [14, 2], [5, 11], [4, 24]],
[[32, 32], [18, 18], [14, 2], [5, 11], [4, 24]], [[32, 32], [19, 20], [14, 2], [5, 11], [4, 24]], [[18, 18], [18, 8], [16, 4], [5, 11], [4, 24]], [[19, 20], [18, 8], [16, 4], [5, 11], [4, 24]],
[[32, 32], [18, 8], [16, 4], [5, 11], [4, 24]], [[19, 20], [18, 18], [16, 4], [5, 11], [4, 24]], [[32, 32], [18, 18], [16, 4], [5, 11], [4, 24]], [[32, 32], [19, 20], [16, 4], [5, 11], [4, 24]],
[[19, 20], [18, 18], [18, 8], [5, 11], [4, 24]], [[32, 32], [18, 18], [18, 8], [5, 11], [4, 24]], [[32, 32], [19, 20], [18, 8], [5, 11], [4, 24]], [[32, 32], [19, 20], [18, 18], [5, 11], [4, 24]],
[[18, 18], [18, 8], [16, 4], [14, 2], [4, 24]], [[19, 20], [18, 8], [16, 4], [14, 2], [4, 24]], [[32, 32], [18, 8], [16, 4], [14, 2], [4, 24]], [[19, 20], [18, 18], [16, 4], [14, 2], [4, 24]],
[[32, 32], [18, 18], [16, 4], [14, 2], [4, 24]], [[32, 32], [19, 20], [16, 4], [14, 2], [4, 24]], [[19, 20], [18, 18], [18, 8], [14, 2], [4, 24]], [[32, 32], [18, 18], [18, 8], [14, 2], [4, 24]],
[[32, 32], [19, 20], [18, 8], [14, 2], [4, 24]], [[32, 32], [19, 20], [18, 18], [14, 2], [4, 24]], [[19, 20], [18, 18], [18, 8], [16, 4], [4, 24]], [[32, 32], [18, 18], [18, 8], [16, 4], [4, 24]],
[[32, 32], [19, 20], [18, 8], [16, 4], [4, 24]], [[32, 32], [19, 20], [18, 18], [16, 4], [4, 24]], [[32, 32], [19, 20], [18, 18], [18, 8], [4, 24]], [[18, 18], [18, 8], [16, 4], [14, 2], [5, 11]],
[[19, 20], [18, 8], [16, 4], [14, 2], [5, 11]], [[32, 32], [18, 8], [16, 4], [14, 2], [5, 11]], [[19, 20], [18, 18], [16, 4], [14, 2], [5, 11]], [[32, 32], [18, 18], [16, 4], [14, 2], [5, 11]],
[[32, 32], [19, 20], [16, 4], [14, 2], [5, 11]], [[19, 20], [18, 18], [18, 8], [14, 2], [5, 11]], [[32, 32], [18, 18], [18, 8], [14, 2], [5, 11]], [[32, 32], [19, 20], [18, 8], [14, 2], [5, 11]],
[[32, 32], [19, 20], [18, 18], [14, 2], [5, 11]], [[19, 20], [18, 18], [18, 8], [16, 4], [5, 11]], [[32, 32], [18, 18], [18, 8], [16, 4], [5, 11]], [[32, 32], [19, 20], [18, 8], [16, 4], [5, 11]],
[[32, 32], [19, 20], [18, 18], [16, 4], [5, 11]], [[32, 32], [19, 20], [18, 18], [18, 8], [5, 11]], [[19, 20], [18, 18], [18, 8], [16, 4], [14, 2]], [[32, 32], [18, 18], [18, 8], [16, 4], [14, 2]],
[[32, 32], [19, 20], [18, 8], [16, 4], [14, 2]], [[32, 32], [19, 20], [18, 18], [16, 4], [14, 2]], [[32, 32], [19, 20], [18, 18], [18, 8], [14, 2]], [[32, 32], [19, 20], [18, 18], [18, 8], [16, 4]]]


Elements of R such that the length of the elements is 6:


[[[18, 18], [18, 8], [16, 4], [14, 2], [5, 11], [4, 24]], [[19, 20], [18, 8], [16, 4], [14, 2], [5, 11], [4, 24]], [[32, 32], [18, 8], [16, 4], [14, 2], [5, 11], [4, 24]], [[19, 20], [18, 18], [16, 4], [14, 2], [5, 11], [4, 24]],
[[32, 32], [18, 18], [16, 4], [14, 2], [5, 11], [4, 24]], [[32, 32], [19, 20], [16, 4], [14, 2], [5, 11], [4, 24]], [[19, 20], [18, 18], [18, 8], [14, 2], [5, 11], [4, 24]], [[32, 32], [18, 18], [18, 8], [14, 2], [5, 11], [4, 24]],
[[32, 32], [19, 20], [18, 8], [14, 2], [5, 11], [4, 24]], [[32, 32], [19, 20], [18, 18], [14, 2], [5, 11], [4, 24]], [[19, 20], [18, 18], [18, 8], [16, 4], [5, 11], [4, 24]], [[32, 32], [18, 18], [18, 8], [16, 4], [5, 11], [4, 24]],
[[32, 32], [19, 20], [18, 8], [16, 4], [5, 11], [4, 24]], [[32, 32], [19, 20], [18, 18], [16, 4], [5, 11], [4, 24]], [[32, 32], [19, 20], [18, 18], [18, 8], [5, 11], [4, 24]], [[19, 20], [18, 18], [18, 8], [16, 4], [14, 2], [4, 24]],
[[32, 32], [18, 18], [18, 8], [16, 4], [14, 2], [4, 24]], [[32, 32], [19, 20], [18, 8], [16, 4], [14, 2], [4, 24]], [[32, 32], [19, 20], [18, 18], [16, 4], [14, 2], [4, 24]], [[32, 32], [19, 20], [18, 18], [18, 8], [14, 2], [4, 24]],
[[32, 32], [19, 20], [18, 18], [18, 8], [16, 4], [4, 24]], [[19, 20], [18, 18], [18, 8], [16, 4], [14, 2], [5, 11]], [[32, 32], [18, 18], [18, 8], [16, 4], [14, 2], [5, 11]], [[32, 32], [19, 20], [18, 8], [16, 4], [14, 2], [5, 11]],
[[32, 32], [19, 20], [18, 18], [16, 4], [14, 2], [5, 11]], [[32, 32], [19, 20], [18, 18], [18, 8], [14, 2], [5, 11]], [[32, 32], [19, 20], [18, 18], [18, 8], [16, 4], [5, 11]], [[32, 32], [19, 20], [18, 18], [18, 8], [16, 4], [14, 2]]]


Elements of R such that the length of the elements is 7:


[[[19, 20], [18, 18], [18, 8], [16, 4], [14, 2], [5, 11], [4, 24]], [[32, 32], [18, 18], [18, 8], [16, 4], [14, 2], [5, 11], [4, 24]],
[[32, 32], [19, 20], [18, 8], [16, 4], [14, 2], [5, 11], [4, 24]], [[32, 32], [19, 20], [18, 18], [16, 4], [14, 2], [5, 11], [4, 24]],
[[32, 32], [19, 20], [18, 18], [18, 8], [14, 2], [5, 11], [4, 24]], [[32, 32], [19, 20], [18, 18], [18, 8], [16, 4], [5, 11], [4, 24]],
[[32, 32], [19, 20], [18, 18], [18, 8], [16, 4], [14, 2], [4, 24]], [[32, 32], [19, 20], [18, 18], [18, 8], [16, 4], [14, 2], [5, 11]]]

Elements of R such that the length of the elements is 8:

[[32, 32], [19, 20], [18, 18], [18, 8], [16, 4], [14, 2], [5, 11], [4, 24]]
